,fractal_dimension_worst,radius_mean,concavity_worst,compactness_worst,area_worst,perimeter_worst,concave points_mean,radius_worst,symmetry_mean,perimeter_mean,diagnosis
0,0.1189,17.99,0.7119,0.6656,2019.0,184.6,0.1471,25.38,0.2419,122.8,0
1,0.08902,20.57,0.2416,0.1866,1956.0,158.8,0.07017,24.99,0.1812,132.9,0
2,0.08758,19.69,0.4504,0.4245,1709.0,152.5,0.1279,23.57,0.2069,130.0,0
3,0.173,11.42,0.6869,0.8663,567.7,98.87,0.1052,14.91,0.2597,77.58,0
4,0.07678,20.29,0.4,0.205,1575.0,152.2,0.1043,22.54,0.1809,135.1,0
5,0.1244,12.45,0.5355,0.5249,741.6,103.4,0.08089,15.47,0.2087,82.57,0
6,0.08368,18.25,0.3784,0.2576,1606.0,153.2,0.074,22.88,0.1794,119.6,0
7,0.1151,13.71,0.2678,0.3682,897.0,110.6,0.05985,17.06,0.2196,90.2,0
8,0.1072,13.0,0.539,0.5401,739.3,106.2,0.09353,15.49,0.235,87.5,0
9,0.2075,12.46,1.105,1.058,711.4,97.65,0.08543,15.09,0.203,83.97,0
10,0.08452,16.02,0.1459,0.1551,1150.0,123.8,0.03323,19.19,0.1528,102.7,0
11,0.1048,15.78,0.3965,0.5609,1299.0,136.5,0.06606,20.42,0.1842,103.6,0
12,0.1023,19.17,0.3639,0.3903,1332.0,151.7,0.1118,20.96,0.2397,132.4,0
13,0.06287,15.85,0.2322,0.1924,876.5,112.0,0.05364,16.84,0.1847,103.7,0
14,0.1431,13.73,0.6943,0.7725,697.7,108.8,0.08025,15.03,0.2069,93.6,0
15,0.1341,14.54,0.7026,0.6577,943.2,124.1,0.07364,17.46,0.2303,96.73,0
16,0.08216,14.68,0.2914,0.1871,1138.0,123.4,0.05259,19.07,0.1586,94.74,0
17,0.1142,16.13,0.4784,0.4233,1315.0,136.8,0.1028,20.96,0.2164,108.1,0
18,0.07615,19.81,0.5372,0.315,2398.0,186.8,0.09498,27.32,0.1582,130.0,0
19,0.07259,13.54,0.239,0.1773,711.2,99.7,0.04781,15.11,0.1885,87.46,1
20,0.08183,13.08,0.189,0.2776,630.5,96.09,0.0311,14.5,0.1967,85.63,1
21,0.07773,9.504,0.08867,0.1148,314.9,65.13,0.02076,10.23,0.1815,60.34,1
22,0.09946,15.34,0.6305,0.5954,980.9,125.1,0.09756,18.07,0.2521,102.5,0
23,0.07526,21.16,0.3155,0.26,2615.0,188.0,0.08632,29.17,0.1769,137.2,0
24,0.09564,16.65,0.4695,0.3578,2215.0,177.0,0.0917,26.46,0.1995,110.0,0
25,0.1059,17.14,0.3853,0.3949,1461.0,152.4,0.1401,22.25,0.304,116.0,0
26,0.1275,14.58,0.5539,0.6643,896.9,122.4,0.08783,17.62,0.2252,97.41,0
27,0.07421,18.61,0.3446,0.2117,1403.0,139.9,0.07731,21.31,0.1697,122.1,0
28,0.09876,15.3,0.6335,0.611,1269.0,149.3,0.08751,20.27,0.1926,102.4,0
29,0.07919,17.57,0.2489,0.2812,1227.0,134.9,0.07953,20.01,0.1739,115.0,0
30,0.09782,18.63,0.6133,0.4257,1670.0,160.5,0.1244,23.15,0.2183,124.8,0
31,0.1402,11.84,0.6956,0.5775,888.7,119.4,0.05182,16.82,0.2301,77.93,0
32,0.08482,17.02,0.5588,0.3559,1344.0,136.1,0.1203,20.88,0.2248,112.8,0
33,0.1123,19.27,0.6091,0.659,1813.0,161.4,0.07593,24.15,0.1853,127.9,0
34,0.1233,16.13,0.5274,0.5804,1261.0,132.7,0.07752,20.21,0.1998,107.0,0
35,0.08633,16.74,0.5409,0.3835,1229.0,133.5,0.06018,20.01,0.1896,110.1,0
36,0.1014,14.25,0.5186,0.4238,799.6,116.2,0.05598,15.89,0.1885,93.63,0
37,0.06169,13.03,0.04833,0.04619,545.9,84.46,0.02923,13.3,0.1467,82.61,1
38,0.05504,14.99,0.02398,0.05131,698.8,95.54,0.02899,14.99,0.1565,95.54,0
39,0.1071,13.48,0.503,0.4225,740.4,107.3,0.05439,15.53,0.172,88.4,0
40,0.07146,13.44,0.2085,0.2043,787.9,102.5,0.02031,15.93,0.1784,86.18,0
41,0.09606,10.95,0.4023,0.2698,514.0,87.22,0.05669,12.84,0.1895,71.9,0
42,0.1038,19.07,0.7242,0.7444,1651.0,177.4,0.09961,24.09,0.231,128.3,0
43,0.1027,13.28,0.3664,0.3724,907.2,113.1,0.06158,17.38,0.1974,87.32,0
44,0.09618,13.17,0.3728,0.3904,740.7,105.5,0.05252,16.23,0.1746,85.42,0
45,0.09185,18.65,0.7345,0.509,1567.0,150.6,0.1009,22.82,0.1907,123.7,0
46,0.07409,8.196,0.0688,0.1357,242.2,57.26,0.005917,8.964,0.1769,51.71,1
47,0.1179,13.17,0.5006,0.4166,759.4,102.8,0.0734,15.67,0.2128,85.98,0
48,0.08301,12.05,0.305,0.2156,582.6,89.88,0.02749,13.76,0.1675,78.04,1
49,0.06917,13.49,0.2282,0.1711,698.8,99.0,0.03384,15.15,0.1809,86.91,1
50,0.06563,11.76,0.05523,0.08615,516.5,82.98,0.01115,12.98,0.1495,74.72,1
51,0.08025,13.64,0.105,0.1582,656.7,96.08,0.01723,14.67,0.1353,87.21,1
52,0.07408,11.94,0.09203,0.08906,527.2,83.67,0.01349,13.1,0.1868,75.71,1
53,0.07987,18.22,0.2623,0.2297,1321.0,135.1,0.106,20.6,0.2092,120.3,0
54,0.07873,15.1,0.2712,0.2057,1030.0,117.7,0.03334,18.1,0.1616,97.26,0
55,0.07036,11.52,0.09076,0.0872,506.2,81.81,0.02278,12.84,0.192,73.34,1
56,0.08294,19.21,0.3879,0.3511,2145.0,170.1,0.08994,26.14,0.1917,125.5,0
57,0.1094,14.71,0.3587,0.429,985.5,115.7,0.08123,17.87,0.2027,95.55,0
58,0.06289,13.05,0.001845,0.06191,624.1,90.24,0.004167,14.23,0.1819,82.61,1
59,0.09026,8.618,0.1168,0.1239,274.9,59.9,0.007799,9.507,0.1683,54.34,1
60,0.0802,10.17,0.02168,0.09866,368.6,69.86,0.0129,11.02,0.2743,64.55,1
61,0.07712,8.598,0.09001,0.1698,273.9,62.06,0.009259,9.565,0.1828,54.66,1
62,0.1132,14.25,0.6922,0.6247,959.5,119.1,0.08653,17.67,0.1949,96.42,0
63,0.0849,9.173,0.1397,0.1678,310.1,65.59,0.0218,10.01,0.2341,59.2,1
64,0.1031,12.68,0.4024,0.4061,888.3,111.8,0.06873,17.09,0.1905,82.69,0
65,0.08911,14.78,0.3024,0.3416,925.1,114.6,0.09029,17.31,0.1953,97.4,0
66,0.09211,9.465,0.09412,0.1664,330.7,67.03,0.01504,10.41,0.1717,60.11,1
67,0.06641,11.31,0.1444,0.09148,466.7,78.0,0.0223,12.33,0.1516,71.8,1
68,0.1175,9.029,1.252,0.4365,324.7,65.5,0.04375,10.31,0.2111,58.79,1
69,0.0641,12.78,0.1039,0.07061,554.9,85.67,0.02864,13.46,0.159,81.37,1
70,0.06589,18.94,0.2687,0.2336,1866.0,165.9,0.07951,24.86,0.1582,123.6,0
71,0.1084,8.888,0.1434,0.2436,284.4,62.56,0.02872,9.733,0.1902,58.79,1
72,0.1339,17.2,0.6566,0.7394,1681.0,151.6,0.07944,23.32,0.1927,114.2,0
73,0.103,13.8,0.2779,0.3542,812.4,110.3,0.05069,16.57,0.1662,90.43,0
74,0.07609,12.31,0.1703,0.1843,611.1,89.71,0.02272,14.11,0.172,79.19,1
75,0.06387,16.07,0.2829,0.2045,1223.0,128.8,0.06638,19.77,0.1798,104.1,0
76,0.07191,13.53,0.08539,0.1379,605.5,91.36,0.06556,14.08,0.2403,87.91,1
77,0.1108,18.05,0.3786,0.5634,1610.0,150.1,0.108,22.39,0.2152,120.2,0
78,0.09964,20.18,0.7681,0.6164,1623.0,170.3,0.1604,23.37,0.2906,143.7,0
79,0.07918,12.86,0.1731,0.2141,622.1,91.88,0.02315,14.24,0.1718,83.19,1
80,0.08851,11.45,0.1755,0.1676,525.1,84.53,0.02233,13.11,0.1842,73.81,1
81,0.1016,13.34,0.4858,0.4791,614.9,96.66,0.06987,15.53,0.1942,86.49,1
82,0.1051,25.22,0.6476,0.6076,2562.0,211.7,0.1845,30.0,0.1829,171.5,0
83,0.09203,19.1,0.2432,0.2817,1298.0,141.3,0.1469,20.33,0.1634,129.1,0
84,0.07924,12.0,0.2267,0.2003,567.9,87.78,0.01863,13.67,0.2079,76.95,1
85,0.08579,18.46,0.3157,0.2089,1603.0,152.2,0.08795,22.93,0.2132,121.1,0
86,0.06846,14.48,0.3349,0.1976,808.9,108.4,0.04938,16.21,0.2075,94.25,0
87,0.09288,19.02,0.5755,0.3206,1623.0,152.9,0.08271,24.56,0.1953,122.0,0
88,0.09261,12.36,0.2434,0.2463,574.7,91.46,0.03745,13.83,0.193,79.78,1
89,0.08473,14.64,0.2604,0.3089,803.6,109.4,0.07064,16.34,0.2116,95.77,1
90,0.07246,14.62,0.09189,0.1766,803.7,102.9,0.02957,16.11,0.1685,94.57,1
91,0.06828,15.37,0.2846,0.1997,830.9,107.5,0.07483,16.43,0.1717,100.2,0
92,0.06206,13.27,0.135,0.1238,830.6,104.5,0.02648,16.36,0.1386,84.74,1
93,0.06603,13.45,0.1381,0.1751,699.4,97.59,0.0278,15.1,0.1638,86.6,1
94,0.08234,15.06,0.5203,0.4203,1025.0,123.5,0.08815,18.23,0.1855,100.3,0
95,0.08368,20.26,0.4098,0.3539,1750.0,156.1,0.08683,24.22,0.2095,132.4,0
96,0.07376,12.18,0.0498,0.09358,495.2,82.14,0.02941,12.83,0.19,77.79,1
97,0.08988,9.787,0.02049,0.09473,366.1,68.81,0.007937,10.92,0.135,62.11,1
98,0.08756,11.6,0.1922,0.1851,512.5,82.96,0.0335,13.06,0.162,74.34,1
99,0.09353,14.42,0.3194,0.3026,826.4,109.5,0.05839,16.33,0.1879,94.48,0
100,0.07397,13.61,0.3169,0.1943,906.5,108.6,0.04489,16.99,0.1609,88.05,0
101,0.09382,6.981,0.0,0.1202,185.2,50.41,0.0,7.93,0.193,43.79,1
102,0.06878,12.18,0.1145,0.08862,547.8,84.58,0.0177,13.34,0.1739,77.22,1
103,0.0849,9.876,0.2644,0.2302,361.2,72.22,0.03029,10.76,0.1945,63.95,1
104,0.07552,10.49,0.07987,0.1486,402.8,74.22,0.01201,11.54,0.2217,67.41,1
105,0.1405,13.11,0.6376,0.4099,827.2,106.4,0.09601,16.31,0.1925,87.21,0
106,0.09097,11.64,0.2873,0.266,521.7,85.51,0.03485,13.14,0.1801,75.17,1
107,0.07185,12.36,0.1937,0.1963,544.1,85.56,0.01921,13.29,0.1602,79.01,1
108,0.09789,22.27,0.9608,0.6997,2360.0,206.8,0.1823,28.4,0.2556,152.8,0
109,0.08832,11.34,0.312,0.2196,518.1,83.99,0.01899,13.01,0.1487,72.48,1
110,0.08468,9.777,0.13,0.1765,367.0,71.68,0.01778,11.05,0.1584,62.5,1
111,0.08486,12.63,0.2216,0.225,527.4,89.0,0.06021,13.33,0.1735,82.15,1
112,0.1082,14.26,0.6783,0.4193,709.0,107.0,0.07798,15.3,0.1704,97.83,1
113,0.09026,10.51,0.1295,0.2049,374.4,72.62,0.03068,11.16,0.1922,68.64,1
114,0.1017,8.726,0.2456,0.2364,284.4,64.48,0.01924,9.628,0.1649,55.84,1
115,0.08541,11.93,0.1503,0.2399,583.0,87.54,0.02008,13.67,0.1688,76.53,1
116,0.07722,8.95,0.1544,0.1879,270.0,63.34,0.02308,9.414,0.1305,58.74,1
117,0.1065,14.87,0.4704,0.448,1095.0,127.1,0.08923,18.81,0.2157,98.64,0
118,0.1252,15.78,0.7356,0.4925,1272.0,130.3,0.09479,20.19,0.2096,105.7,0
119,0.06111,17.95,0.2249,0.1202,1261.0,129.2,0.05596,20.58,0.2129,114.2,0
120,0.08523,11.41,0.2102,0.239,510.5,83.74,0.02623,12.82,0.1667,73.34,1
121,0.08456,18.66,0.3272,0.2291,1549.0,145.4,0.08665,22.25,0.1966,121.4,0
122,0.08009,24.25,0.5803,0.4244,2073.0,180.9,0.2012,26.02,0.2655,166.2,0
123,0.08006,14.5,0.256,0.1788,745.5,102.8,0.05778,15.7,0.1856,94.28,1
124,0.07628,13.37,0.3308,0.2531,632.1,91.99,0.028,14.26,0.1422,86.1,1
125,0.07182,13.85,0.08115,0.135,725.9,100.3,0.01141,15.49,0.1614,88.44,1
126,0.079,13.61,0.3796,0.2884,848.7,113.2,0.03085,16.89,0.1761,87.76,0
127,0.06541,19.0,0.3207,0.2264,1538.0,148.2,0.05627,22.32,0.1946,123.4,0
128,0.07779,15.1,0.196,0.2883,762.6,105.9,0.08534,16.11,0.2001,99.58,1
129,0.08465,19.79,0.5673,0.3861,1589.0,148.7,0.1149,22.63,0.2202,130.4,0
130,0.09241,12.19,0.09915,0.2585,545.2,91.38,0.02882,13.34,0.188,79.08,1
131,0.08019,15.46,0.3791,0.2394,1156.0,124.9,0.08087,19.26,0.1931,101.7,0
132,0.07619,16.16,0.2992,0.3055,1175.0,129.7,0.05613,19.47,0.216,106.2,0
133,0.07071,15.71,0.1709,0.1949,922.8,114.3,0.05933,17.5,0.1816,102.0,1
134,0.0761,18.45,0.3965,0.2275,1590.0,145.6,0.06847,22.52,0.1692,120.2,0
135,0.08067,12.77,0.2177,0.1523,653.6,92.04,0.02704,14.49,0.1585,81.72,0
136,0.07343,11.71,0.1046,0.1028,546.7,86.16,0.026,13.33,0.1339,74.72,1
137,0.06765,11.43,0.1399,0.1648,462.0,79.93,0.02875,12.32,0.1734,73.06,1
138,0.07147,14.95,0.3355,0.2164,971.4,121.4,0.08624,18.55,0.1957,96.85,0
139,0.06784,11.28,0.08669,0.1822,434.0,76.53,0.04796,11.92,0.1771,73.0,1
140,0.08151,9.738,0.0,0.07204,342.9,66.53,0.0,10.62,0.1903,61.24,1
141,0.08158,16.11,0.2802,0.2236,1233.0,129.0,0.05943,19.92,0.1861,105.1,0
142,0.08096,11.43,0.07708,0.1792,503.0,82.66,0.01861,12.78,0.1645,73.66,1
143,0.08118,12.9,0.209,0.2548,643.8,97.17,0.03088,14.48,0.1778,83.74,1
144,0.06769,10.75,0.09755,0.1223,441.2,77.79,0.007875,11.95,0.1399,68.26,1
145,0.1036,11.9,0.0942,0.2517,509.6,86.26,0.03003,13.15,0.1995,78.11,1
146,0.103,11.8,0.4504,0.4092,591.7,91.93,0.07415,13.74,0.2678,78.99,0
147,0.09218,14.95,0.25,0.2521,809.7,107.1,0.03562,16.25,0.1744,97.84,1
148,0.07683,14.44,0.3103,0.2735,766.9,108.6,0.05532,15.85,0.1724,93.97,1
149,0.07014,13.74,0.1564,0.1824,725.9,97.19,0.01329,15.34,0.1473,88.12,1
150,0.06435,13.0,0.08112,0.1105,616.7,90.82,0.02645,14.16,0.254,83.51,1
151,0.1486,8.219,0.5381,0.431,249.8,58.08,0.02168,9.092,0.2222,53.27,1
152,0.1259,9.731,0.8216,0.2772,380.5,71.04,0.07857,11.02,0.2548,63.78,1
153,0.06772,11.15,0.07116,0.08971,440.8,76.25,0.01786,11.99,0.183,70.87,1
154,0.08633,13.15,0.3009,0.2256,677.3,97.67,0.03483,14.77,0.1822,85.31,1
155,0.08132,12.25,0.1943,0.1788,564.2,86.6,0.02331,13.59,0.197,78.27,1
156,0.07738,17.68,0.3583,0.3498,1302.0,132.9,0.1054,20.47,0.1971,117.4,0
157,0.05972,16.84,0.1882,0.171,1032.0,120.3,0.02771,18.22,0.1844,108.4,1
158,0.07898,12.06,0.08636,0.1232,532.8,84.08,0.01963,13.14,0.159,76.84,1
159,0.07685,10.9,0.01854,0.08294,470.0,78.07,0.006588,12.36,0.1442,68.69,1
160,0.07987,11.75,0.1956,0.1892,543.9,88.91,0.03738,13.32,0.1993,76.1,1
161,0.06251,19.19,0.2264,0.2016,1495.0,146.6,0.09667,22.03,0.1741,126.3,0
162,0.09223,19.59,0.681,0.3846,2232.0,174.9,0.1286,26.73,0.2027,130.7,0
163,0.09082,12.34,0.1688,0.2338,553.0,87.36,0.02822,13.58,0.1551,79.85,1
164,0.09187,23.27,0.3948,0.3583,2403.0,184.2,0.09702,28.01,0.1801,152.1,0
165,0.06085,14.97,0.0775,0.09995,782.1,102.3,0.01939,15.98,0.1515,95.5,1
166,0.07699,10.8,0.1047,0.1257,414.0,73.66,0.01698,11.6,0.1381,68.77,1
167,0.07228,16.78,0.2318,0.2119,1260.0,130.7,0.06576,20.05,0.1893,109.3,0
168,0.093,17.47,0.489,0.383,1660.0,155.3,0.1043,23.14,0.1538,116.1,0
169,0.06428,14.97,0.06648,0.1637,793.7,104.6,0.03781,16.11,0.178,96.22,1
170,0.06771,12.32,0.1242,0.1266,549.1,86.97,0.037,13.5,0.1959,78.85,1
171,0.07371,13.43,0.2644,0.1546,993.6,116.6,0.03438,17.98,0.1598,85.84,0
172,0.101,15.46,0.583,0.3583,1102.0,125.0,0.1097,18.79,0.1966,102.5,0
173,0.07313,11.08,0.03938,0.0824,396.5,72.01,0.02583,11.35,0.1566,70.21,1
174,0.06164,10.66,0.0,0.06791,408.3,73.2,0.0,11.54,0.1928,67.49,1
175,0.07848,8.671,0.0,0.07057,259.2,58.36,0.0,9.262,0.1722,54.42,1
176,0.1162,9.904,0.3486,0.295,390.2,73.07,0.03716,11.26,0.1669,64.6,1
177,0.09519,16.46,0.5862,0.4667,981.2,123.5,0.08866,17.79,0.1794,109.3,0
178,0.05843,13.01,0.007977,0.03432,608.8,88.18,0.001852,14.0,0.1395,82.01,1
179,0.07319,12.81,0.02758,0.05445,570.7,86.7,0.0133,13.63,0.1466,81.29,1
180,0.08082,27.22,0.534,0.4034,3216.0,220.8,0.1878,33.12,0.18,182.1,0
181,0.1284,21.09,0.678,0.7584,2089.0,176.5,0.1496,26.68,0.2395,142.7,0
182,0.08631,15.7,0.2902,0.3547,1269.0,129.3,0.05189,20.11,0.1618,101.2,0
183,0.07427,11.41,0.1648,0.161,467.2,79.12,0.02361,12.37,0.1167,73.53,1
184,0.09772,15.28,0.363,0.3299,973.1,113.8,0.03263,17.8,0.1727,98.92,0
185,0.07697,10.08,0.00692,0.1019,437.0,75.39,0.002404,11.87,0.1703,63.76,1
186,0.06938,18.31,0.3538,0.2445,1410.0,139.2,0.05814,21.31,0.1621,118.6,0
187,0.07097,11.71,0.1521,0.104,521.5,84.42,0.03239,13.01,0.1516,74.68,1
188,0.06576,11.81,0.08803,0.1,489.5,79.57,0.01553,12.57,0.1718,75.27,1
189,0.06306,12.3,0.1423,0.165,546.7,86.65,0.01654,13.35,0.1667,78.83,1
190,0.1446,14.22,0.8488,0.9327,762.4,106.4,0.06618,15.74,0.2384,94.37,0
191,0.06871,12.77,0.05186,0.08978,579.5,89.04,0.02864,13.75,0.1694,82.02,1
192,0.06559,9.72,0.0,0.02729,303.8,62.25,0.0,9.968,0.1653,60.73,1
193,0.1205,12.34,0.4425,0.4706,768.9,101.7,0.04562,15.65,0.1943,81.15,0
194,0.08701,14.86,0.4589,0.4648,784.7,118.6,0.08878,16.08,0.1737,100.4,0
195,0.06949,12.91,0.1764,0.1506,600.6,90.81,0.02377,13.88,0.1829,82.53,1
196,0.09333,13.77,0.3809,0.3122,806.9,111.6,0.06526,16.39,0.1834,90.63,0
197,0.06558,18.08,0.2535,0.1963,1228.0,129.1,0.05778,19.76,0.177,117.4,0
198,0.09221,19.18,0.3865,0.5601,1688.0,166.4,0.06772,23.36,0.1767,127.5,0
199,0.1013,14.45,0.4967,0.4056,1044.0,117.9,0.0598,18.33,0.195,94.49,0
200,0.08174,12.23,0.1377,0.2042,638.4,92.15,0.04107,14.44,0.1979,78.54,1
201,0.07867,17.54,0.3508,0.342,1239.0,139.5,0.07488,20.42,0.1506,115.1,0
202,0.08762,23.29,0.7892,0.4167,1986.0,177.0,0.162,25.12,0.22,158.9,0
203,0.1086,13.81,0.4646,0.5209,1153.0,128.5,0.09176,19.2,0.2251,91.56,0
204,0.0875,12.47,0.2671,0.2378,677.9,96.05,0.03821,14.97,0.1925,81.09,1
205,0.0974,15.12,0.3327,0.3331,989.5,117.7,0.04079,17.77,0.1594,98.78,0
206,0.0738,9.876,0.06213,0.1247,331.6,67.08,0.01952,10.42,0.1934,62.92,1
207,0.06469,17.01,0.1932,0.1486,1210.0,130.0,0.0539,19.8,0.2026,109.7,0
208,0.1076,13.11,0.3162,0.4402,639.3,99.48,0.05102,14.55,0.185,87.02,1
209,0.07474,15.27,0.2962,0.2186,932.7,113.7,0.03157,17.38,0.1359,98.17,1
210,0.05865,20.58,0.3861,0.292,1656.0,158.3,0.09561,23.24,0.1765,134.7,0
211,0.07993,11.84,0.1471,0.188,546.3,85.22,0.01393,13.3,0.1533,75.51,1
212,0.05525,28.11,0.3201,0.1516,2499.0,188.5,0.1595,28.11,0.1648,188.5,0
213,0.06818,17.42,0.2803,0.1793,1021.0,120.4,0.06597,18.07,0.1308,114.5,0
214,0.1026,14.19,0.3744,0.4059,811.3,115.0,0.06462,16.86,0.2235,92.87,0
215,0.1059,13.86,0.4636,0.437,750.1,104.4,0.05602,15.75,0.2106,90.96,0
216,0.08365,11.89,0.2806,0.3046,531.2,86.2,0.03142,13.25,0.1967,77.32,1
217,0.07809,10.2,0.1925,0.1397,403.7,75.4,0.01071,11.48,0.1964,65.05,1
218,0.08255,19.8,0.3617,0.3235,2009.0,170.3,0.08691,25.73,0.2094,129.7,0
219,0.07568,19.53,0.3995,0.4097,2477.0,180.2,0.06637,27.9,0.1428,128.0,0
220,0.08718,13.65,0.1759,0.2474,706.2,99.71,0.02563,15.34,0.136,87.88,1
221,0.08177,13.56,0.2577,0.2698,686.6,101.1,0.04451,14.98,0.1962,88.59,1
222,0.08797,10.18,0.06572,0.144,375.6,71.94,0.01915,11.17,0.191,65.12,1
223,0.1064,15.75,0.3976,0.448,1088.0,125.9,0.06462,19.56,0.1935,102.6,0
224,0.07623,13.27,0.1786,0.1311,708.8,98.84,0.02456,15.14,0.1496,84.55,1
225,0.06072,14.34,0.1632,0.1525,873.2,110.4,0.04603,16.77,0.2075,92.51,1
226,0.08269,10.44,0.02639,0.1153,395.4,73.47,0.01216,11.52,0.1788,66.62,1
227,0.08362,15.0,0.3402,0.3627,808.2,114.2,0.0378,16.41,0.1881,97.45,1
228,0.09585,12.62,0.3911,0.3454,624.0,90.67,0.02036,14.2,0.1514,81.35,1
229,0.1243,12.83,0.6282,0.5343,706.0,105.3,0.06861,15.2,0.2123,85.26,0
230,0.09061,17.05,0.5018,0.3934,1189.0,133.5,0.109,19.59,0.2131,113.4,0
231,0.07087,11.32,0.1089,0.1432,452.3,79.82,0.003125,12.08,0.1869,71.76,1
232,0.07307,11.22,0.02318,0.06885,470.9,78.44,0.006434,12.36,0.1845,70.79,1
233,0.08328,20.51,0.4146,0.2761,1872.0,162.7,0.0834,24.47,0.1448,134.4,0
234,0.08178,9.567,0.07161,0.09515,335.9,65.74,0.01667,10.51,0.1551,60.21,1
235,0.07617,14.03,0.06231,0.1513,715.5,98.27,0.01896,15.33,0.1517,89.79,1
236,0.08677,23.21,0.582,0.4126,2944.0,206.0,0.1237,31.01,0.1909,153.5,0
237,0.07127,20.48,0.3158,0.2311,1750.0,161.7,0.06022,24.22,0.1467,132.5,0
238,0.07796,14.22,0.3064,0.2426,764.0,102.5,0.04408,15.75,0.1342,92.55,1
239,0.08496,17.46,0.3241,0.3735,1408.0,141.2,0.08811,22.51,0.1809,113.4,0
240,0.0651,13.64,0.1533,0.1291,683.4,94.11,0.03731,14.85,0.1717,87.38,1
241,0.06783,12.42,0.06243,0.07776,543.4,83.85,0.01108,13.2,0.1546,78.61,1
242,0.1297,11.3,0.7436,0.4848,472.9,87.16,0.02854,12.58,0.2054,73.93,1
243,0.06321,13.75,0.1359,0.1442,706.0,98.0,0.02344,15.01,0.1773,88.54,1
244,0.07614,19.4,0.3458,0.2968,1417.0,144.9,0.08886,21.65,0.1978,129.1,0
245,0.07748,10.48,0.1181,0.1026,402.8,73.68,0.0307,11.48,0.1737,66.72,1
246,0.07198,13.2,0.2298,0.1508,602.0,88.28,0.01105,13.94,0.1487,84.13,1
247,0.1178,12.89,0.7727,0.5849,639.1,105.0,0.0398,14.39,0.1596,84.95,1
248,0.08147,10.65,0.1125,0.1398,455.7,77.98,0.01615,12.25,0.1897,68.01,1
249,0.07809,11.52,0.1804,0.1582,491.8,80.88,0.02929,12.65,0.1883,73.87,1
250,0.07849,20.94,0.6991,0.3172,2010.0,165.3,0.131,25.58,0.2205,138.9,0
251,0.06487,11.5,0.08105,0.1049,508.9,83.12,0.02069,12.97,0.1834,73.28,1
252,0.1297,19.73,0.8489,0.5955,1933.0,159.8,0.0974,25.28,0.1733,130.7,0
253,0.08113,17.3,0.3378,0.2405,1222.0,130.9,0.08353,19.85,0.1813,113.0,0
254,0.0895,19.45,0.4317,0.3161,1972.0,163.1,0.08591,25.7,0.1776,126.5,0
255,0.07957,13.96,0.3209,0.3262,826.0,108.1,0.05246,16.39,0.1908,91.43,0
256,0.1005,19.55,0.4251,0.5329,1926.0,178.6,0.1144,25.05,0.1893,133.6,0
257,0.1191,15.32,0.4429,0.4503,928.8,119.8,0.1242,17.73,0.2398,103.2,0
258,0.1019,15.66,0.6181,0.5172,1226.0,143.7,0.1377,19.85,0.2495,110.2,0
259,0.1204,15.53,0.5703,0.5564,1035.0,126.3,0.08399,18.49,0.2091,103.7,0
260,0.07999,20.31,0.3788,0.2945,1844.0,162.3,0.09333,24.33,0.1814,132.9,0
261,0.06515,17.35,0.1211,0.1486,1218.0,128.2,0.02837,19.85,0.1564,111.0,0
262,0.07484,17.29,0.2298,0.2867,1295.0,137.9,0.07507,20.39,0.2108,114.4,0
263,0.06829,15.61,0.226,0.1807,988.6,115.9,0.02847,17.91,0.1547,100.0,0
264,0.0757,17.19,0.3889,0.2567,1436.0,140.5,0.06527,21.58,0.1867,111.6,0
265,0.08218,20.73,0.3442,0.2644,3432.0,214.0,0.08646,32.49,0.1769,135.7,0
266,0.07587,10.6,0.1916,0.2515,424.8,78.28,0.02642,11.88,0.1922,69.28,1
267,0.07024,13.59,0.1453,0.173,661.5,97.66,0.02142,14.8,0.1635,87.16,1
268,0.07062,12.87,0.1992,0.1808,597.5,89.27,0.01615,13.9,0.201,82.38,1
269,0.08701,10.71,0.2534,0.255,410.4,76.51,0.02867,11.69,0.1668,69.5,1
270,0.0612,14.29,0.03866,0.05036,684.6,94.44,0.00625,14.91,0.1508,90.3,1
271,0.08022,11.29,0.1275,0.1507,457.5,78.27,0.02755,12.32,0.1769,72.23,1
272,0.08858,21.75,0.5807,0.4725,2384.0,195.9,0.1088,28.19,0.1721,147.3,0
273,0.08175,9.742,0.04043,0.0937,355.2,68.09,0.01407,10.75,0.2081,61.5,1
274,0.07948,17.93,0.208,0.1806,1320.0,135.1,0.04744,20.92,0.1538,115.2,0
275,0.06033,11.89,0.07153,0.08368,472.4,79.46,0.07404,12.4,0.2015,76.2,1
276,0.06386,11.33,0.004955,0.07348,458.0,77.37,0.003333,12.2,0.1954,71.79,1
277,0.05737,18.81,0.221,0.116,1236.0,129.0,0.05843,19.96,0.155,120.9,0
278,0.06263,13.59,0.106,0.07622,739.1,98.91,0.01238,15.5,0.1573,86.24,1
279,0.06912,13.85,0.1456,0.1724,670.0,98.37,0.03711,14.98,0.211,88.99,1
280,0.0972,19.16,0.5754,0.3841,1724.0,159.8,0.09664,23.72,0.1902,126.2,0
281,0.06688,11.74,0.06735,0.085,533.7,84.7,0.02763,13.31,0.2101,74.24,1
282,0.07787,19.4,0.4316,0.3749,1628.0,152.4,0.09464,23.79,0.1893,127.2,0
283,0.1063,16.24,0.5026,0.4706,1031.0,126.9,0.09052,18.55,0.1876,108.8,0
284,0.07127,12.89,0.3344,0.2317,595.6,92.12,0.0339,13.9,0.1432,84.08,1
285,0.06431,12.58,0.005579,0.06624,564.1,85.56,0.002924,13.5,0.1697,79.83,1
286,0.09981,11.94,0.2365,0.2813,546.1,92.2,0.03791,13.24,0.1588,77.87,1
287,0.06915,12.89,0.1186,0.1147,577.0,87.4,0.01171,13.62,0.1337,81.89,1
288,0.07009,11.26,0.1546,0.1843,437.6,78.27,0.05588,11.86,0.2595,73.72,1
289,0.06994,11.37,0.07529,0.09708,459.3,79.29,0.02173,12.36,0.2013,72.17,1
290,0.08799,14.41,0.222,0.2472,767.3,101.7,0.06602,15.77,0.1714,96.03,1
291,0.08472,14.96,0.1804,0.303,809.8,109.1,0.04819,16.25,0.1879,97.03,1
292,0.09584,12.95,0.2241,0.2068,585.4,88.81,0.0337,13.74,0.173,83.14,1
293,0.07007,11.85,0.1316,0.1758,517.8,84.35,0.0228,13.06,0.1875,75.54,1
294,0.06922,12.72,0.05233,0.1472,553.7,88.54,0.01924,13.5,0.1638,81.78,1
295,0.06794,13.77,0.03732,0.1072,661.1,94.17,0.01917,14.67,0.1592,88.06,1
296,0.06643,10.91,0.02884,0.07506,392.2,72.42,0.01369,11.37,0.1449,69.14,1
297,0.06915,11.76,0.0612,0.07974,553.6,85.1,0.03515,13.36,0.1619,75.0,0
298,0.07676,14.26,0.1565,0.2167,819.7,105.8,0.01374,16.22,0.1635,91.22,1
299,0.06777,10.51,0.04158,0.08614,362.7,70.1,0.01875,10.93,0.1695,66.85,1
300,0.09929,19.53,0.6121,0.4116,2053.0,171.1,0.1062,25.93,0.1792,129.5,0
301,0.07764,12.46,0.1904,0.2158,551.3,88.13,0.03099,13.46,0.1781,80.43,1
302,0.09469,20.09,0.4932,0.3391,1696.0,158.8,0.128,23.68,0.2249,134.7,0
303,0.07842,10.49,0.08423,0.1044,375.4,70.76,0.0178,11.06,0.1482,66.86,1
304,0.07638,11.46,0.1226,0.1789,489.8,82.69,0.01502,12.68,0.1411,73.59,1
305,0.06745,11.6,0.07239,0.1361,476.5,81.39,0.01313,12.44,0.1935,74.23,1
306,0.08385,13.2,0.0112,0.1346,636.9,92.0,0.003261,14.41,0.1632,84.07,1
307,0.07804,9.0,0.01472,0.05232,285.5,60.9,0.003472,9.699,0.1788,56.36,1
308,0.06192,13.5,0.01379,0.05836,698.7,95.48,0.004419,14.97,0.1365,85.69,1
309,0.0658,13.05,0.01824,0.05847,672.4,93.96,0.008829,14.73,0.1453,82.71,1
310,0.06958,11.7,0.07915,0.1087,483.1,80.92,0.01148,12.61,0.1936,74.33,1
311,0.05695,14.61,0.04746,0.07087,840.8,103.7,0.01877,16.46,0.1632,92.68,1
312,0.08253,12.76,0.1769,0.2208,618.8,92.04,0.02548,14.19,0.1601,82.29,1
313,0.07434,11.54,0.08324,0.1626,467.8,81.23,0.008907,12.34,0.1833,73.73,1
314,0.08116,8.597,0.0,0.07767,240.1,56.65,0.0,8.952,0.2163,54.09,1
315,0.06174,12.49,0.01938,0.04953,544.2,84.48,0.006423,13.34,0.1215,79.19,1
316,0.06037,12.18,0.04116,0.05332,513.1,81.6,0.005051,12.85,0.1673,77.25,1
317,0.08198,18.22,0.3853,0.2763,1485.0,140.9,0.0795,21.84,0.1807,118.7,0
318,0.1055,9.042,0.4609,0.3748,297.1,68.62,0.04908,10.06,0.233,60.07,1
319,0.05932,12.43,0.02237,0.04712,515.9,81.76,0.01699,12.9,0.1472,78.6,1
320,0.09702,10.25,0.1898,0.236,390.4,71.53,0.03965,11.28,0.1743,66.52,1
321,0.05933,20.16,0.2606,0.1537,1657.0,150.2,0.07726,23.06,0.1928,131.1,0
322,0.08553,12.86,0.1791,0.2231,599.5,92.8,0.034,14.04,0.1543,82.82,1
323,0.1024,20.34,0.5344,0.4492,1938.0,171.1,0.1504,25.3,0.2569,135.9,0
324,0.07961,12.2,0.1167,0.1928,583.1,91.11,0.01692,13.75,0.1638,78.01,1
325,0.06888,12.67,0.102,0.1212,574.4,88.7,0.02107,13.71,0.1707,81.25,1
326,0.07083,14.11,0.05307,0.1109,749.9,98.4,0.02733,15.53,0.1373,90.03,1
327,0.07037,12.03,0.007732,0.0739,523.4,82.74,0.005592,13.07,0.1382,76.09,1
328,0.082,16.27,0.3597,0.2947,1121.0,129.8,0.08488,19.28,0.1948,106.9,0
329,0.07953,16.26,0.3344,0.2116,975.2,113.7,0.07981,17.73,0.1869,107.5,0
330,0.09124,16.03,0.4956,0.4478,1070.0,124.3,0.07041,18.76,0.1782,105.8,0
331,0.09166,12.98,0.3439,0.3253,634.3,99.21,0.0295,14.42,0.1761,84.52,1
332,0.06522,11.22,0.01335,0.09669,436.1,76.91,0.007583,11.98,0.194,71.94,1
333,0.07418,11.25,0.005518,0.09794,492.7,82.08,0.002941,12.76,0.1773,71.38,1
334,0.07207,12.3,0.03619,0.09052,544.3,84.53,0.008535,13.35,0.1539,77.88,1
335,0.07599,17.06,0.392,0.2053,1362.0,143.2,0.09934,20.99,0.1727,111.8,0
336,0.1009,12.99,0.145,0.1975,576.0,87.38,0.02098,13.72,0.1652,84.08,1
337,0.0987,18.77,0.4634,0.4827,1873.0,161.1,0.0609,24.54,0.1953,122.9,0
338,0.07664,10.05,0.1055,0.1402,384.0,71.98,0.01775,11.16,0.189,64.41,1
339,0.07738,23.51,0.4819,0.2678,2906.0,202.4,0.141,30.67,0.1797,155.1,0
340,0.08764,14.42,0.3755,0.3371,862.1,111.4,0.04223,16.67,0.1912,94.15,1
341,0.09825,9.606,0.4341,0.3416,353.6,71.25,0.02292,10.75,0.2036,61.64,1
342,0.0908,11.06,0.2299,0.221,440.0,79.76,0.03341,11.92,0.1776,71.49,1
343,0.07918,19.68,0.4734,0.3458,1540.0,157.6,0.1103,22.75,0.2082,129.9,0
344,0.07806,11.71,0.1087,0.1115,516.4,84.16,0.0325,13.06,0.2009,75.03,1
345,0.08488,10.26,0.07162,0.1636,357.1,70.89,0.02037,10.88,0.1633,66.2,1
346,0.08083,12.06,0.04506,0.1352,562.6,86.54,0.008488,13.64,0.1555,76.66,1
347,0.08187,14.76,0.2151,0.2009,880.8,114.2,0.03528,17.27,0.1521,94.87,1
348,0.08763,11.47,0.09823,0.112,475.8,79.67,0.02322,12.51,0.1634,73.02,1
349,0.0759,11.95,0.03122,0.1885,496.2,83.09,0.01787,12.81,0.2459,77.23,1
350,0.06825,11.66,0.03046,0.06476,542.5,83.61,0.01162,13.28,0.1671,73.7,1
351,0.105,15.75,0.6872,0.5046,915.3,119.4,0.1242,17.36,0.2375,107.1,0
352,0.08815,25.73,0.6451,0.5937,3234.0,229.3,0.1913,33.13,0.1956,174.2,0
353,0.09438,15.08,0.4029,0.2356,1050.0,121.2,0.06553,18.51,0.1647,98.0,0
354,0.07018,11.14,0.1201,0.1256,453.5,79.62,0.01471,12.12,0.169,71.24,1
355,0.07188,12.56,0.2388,0.2002,547.4,89.02,0.04391,13.37,0.1533,81.92,1
356,0.08317,13.05,0.2573,0.2658,591.2,94.22,0.05603,14.19,0.2035,85.09,1
357,0.07113,13.87,0.05285,0.1008,694.4,96.74,0.02088,15.11,0.1424,88.52,1
358,0.07431,8.878,0.09441,0.1248,302.0,65.27,0.02381,9.981,0.193,56.74,1
359,0.08136,9.436,0.1144,0.1049,439.6,75.79,0.01406,12.02,0.1506,59.82,1
360,0.05521,12.54,0.003581,0.04327,585.7,86.82,0.005449,13.72,0.1528,79.42,1
361,0.06658,13.3,0.1212,0.1667,621.2,92.94,0.02424,14.2,0.1815,85.24,1
362,0.07238,12.76,0.1255,0.1839,579.7,87.82,0.01781,13.75,0.1759,81.87,1
363,0.06469,16.5,0.1663,0.1679,1009.0,117.2,0.04835,18.13,0.1495,106.6,1
364,0.07582,13.4,0.1364,0.1676,663.5,93.76,0.01473,14.73,0.165,85.48,1
365,0.06735,20.44,0.2702,0.2376,1780.0,161.2,0.07785,24.31,0.1618,133.8,0
366,0.07632,20.2,0.3703,0.3416,1671.0,160.0,0.1265,24.19,0.1875,133.7,0
367,0.0747,12.21,0.2413,0.217,624.6,93.85,0.02027,14.29,0.1695,78.31,1
368,0.06494,21.71,0.2861,0.1628,3143.0,199.5,0.08465,30.75,0.1717,140.9,0
369,0.08574,22.01,0.4756,0.3885,2227.0,195.0,0.1501,27.66,0.1824,147.2,0
370,0.09614,16.35,0.7087,0.4665,1165.0,129.3,0.08773,19.38,0.2175,109.0,0
371,0.06766,15.19,0.1362,0.1737,819.1,104.5,0.02657,16.2,0.1721,97.65,1
372,0.08666,21.37,0.4024,0.284,1535.0,152.1,0.1255,22.69,0.1973,141.3,0
373,0.07055,20.64,0.4159,0.3055,1946.0,166.8,0.08941,25.37,0.1571,134.8,0
374,0.07701,13.69,0.1346,0.2096,670.6,99.16,0.02031,14.84,0.1872,87.84,1
375,0.0896,16.17,0.2114,0.255,861.5,113.1,0.05397,16.97,0.199,106.3,1
376,0.12,10.57,0.603,0.3619,351.9,76.51,0.05941,10.85,0.2188,70.15,1
377,0.07061,13.46,0.07934,0.1457,680.6,97.11,0.01117,14.69,0.1421,85.89,1
378,0.09638,13.66,0.2569,0.3104,657.0,97.96,0.02471,14.54,0.1792,88.27,1
379,0.1403,11.08,0.8402,0.9379,508.1,91.76,0.06367,13.24,0.2196,73.3,0
380,0.09215,11.27,0.2247,0.2429,476.1,84.93,0.0555,12.84,0.2018,73.16,1
381,0.07287,11.04,0.1553,0.1982,447.1,79.73,0.02074,12.09,0.2003,70.67,1
382,0.09349,12.05,0.2912,0.3214,488.4,87.36,0.02978,12.57,0.1203,78.75,1
383,0.1118,12.39,0.3206,0.3593,600.5,95.23,0.0288,14.18,0.1779,80.64,1
384,0.0732,13.28,0.2866,0.2685,623.7,96.59,0.02864,14.24,0.1617,85.79,1
385,0.06836,14.6,0.2675,0.1581,758.2,102.2,0.05271,15.79,0.1627,93.97,0
386,0.08824,12.21,0.3076,0.2431,529.9,87.65,0.02534,13.13,0.1646,78.78,1
387,0.06623,13.88,0.1091,0.1233,745.3,99.66,0.008507,15.51,0.1607,88.37,1
388,0.1043,11.27,0.3021,0.2809,450.0,79.73,0.02757,12.04,0.181,73.38,1
389,0.07602,19.55,0.3829,0.2414,1313.0,142.0,0.1021,20.82,0.1989,128.9,0
390,0.07722,10.26,0.08615,0.165,394.5,73.23,0.01968,11.38,0.18,65.75,1
391,0.08865,8.734,0.0,0.131,317.0,64.01,0.0,10.17,0.1985,55.27,1
392,0.1019,15.49,0.5553,0.3913,1359.0,142.1,0.09113,21.2,0.1929,102.4,0
393,0.1007,21.61,0.7053,0.5717,2081.0,172.0,0.1562,26.23,0.2162,144.4,0
394,0.07081,12.1,0.1603,0.1773,559.5,88.33,0.03326,13.56,0.1937,78.07,1
395,0.06609,14.06,0.0846,0.1231,684.5,96.42,0.03251,14.92,0.1641,89.75,1
396,0.07686,13.51,0.3438,0.257,675.2,97.33,0.05381,14.8,0.1806,88.1,1
397,0.07053,12.8,0.1901,0.1812,591.0,90.72,0.04083,13.74,0.1574,83.05,1
398,0.09158,11.06,0.2079,0.1879,496.7,80.79,0.007246,12.68,0.1535,70.31,1
399,0.08121,11.8,0.1449,0.1726,562.0,86.0,0.01638,13.45,0.1847,75.26,1
400,0.1198,17.91,0.9034,0.5917,1304.0,149.6,0.1198,20.8,0.2113,124.4,0
401,0.07262,11.93,0.1514,0.1575,589.5,87.64,0.01796,13.8,0.1601,76.14,1
402,0.07247,12.96,0.1604,0.2318,621.9,96.31,0.01883,14.13,0.1874,84.18,1
403,0.07834,12.94,0.181,0.1958,580.9,89.69,0.0239,13.86,0.1735,83.18,1
404,0.05974,12.34,0.04921,0.06744,533.1,84.11,0.02054,13.18,0.1571,78.29,1
405,0.07732,10.94,0.1412,0.1644,472.4,82.76,0.02932,12.4,0.1486,70.39,1
406,0.07012,16.14,0.231,0.1722,947.9,115.9,0.04528,17.71,0.1735,104.3,1
407,0.08151,12.85,0.1838,0.1936,645.8,91.63,0.01867,14.4,0.158,82.63,1
408,0.08503,17.99,0.3301,0.3735,1349.0,138.1,0.08824,21.08,0.1992,117.8,0
409,0.06896,12.27,0.1377,0.1795,610.2,89.0,0.02653,14.1,0.1966,78.41,1
410,0.07745,11.36,0.1811,0.1622,521.3,85.07,0.021,13.05,0.1601,72.49,1
411,0.07881,11.04,0.1067,0.1482,471.4,79.93,0.0248,12.41,0.1714,70.92,1
412,0.09206,9.397,0.1868,0.1887,301.0,66.61,0.005128,9.965,0.1274,59.75,1
413,0.09251,14.99,0.3114,0.3345,867.1,110.2,0.03876,16.76,0.1944,97.53,1
414,0.06165,15.13,0.1547,0.09866,931.4,110.1,0.02739,17.26,0.1852,96.71,0
415,0.07351,11.89,0.1164,0.2187,522.9,85.09,0.02179,13.05,0.2019,76.39,1
416,0.08304,9.405,0.06141,0.1193,359.4,68.73,0.01257,10.85,0.2025,59.6,1
417,0.1048,15.5,0.4211,0.4002,1748.0,157.1,0.08481,23.17,0.2085,102.9,0
418,0.09464,12.7,0.09385,0.1607,566.9,88.12,0.02402,13.65,0.1583,80.88,1
419,0.07123,11.16,0.03582,0.1108,458.0,79.26,0.01076,12.36,0.1615,70.95,1
420,0.08284,11.57,0.256,0.1937,520.5,86.43,0.01428,13.07,0.2031,74.2,1
421,0.09208,14.69,0.3219,0.3635,809.2,114.1,0.063,16.46,0.2086,98.22,1
422,0.07427,11.61,0.2302,0.217,475.7,81.93,0.04497,12.64,0.1886,75.46,1
423,0.08839,13.66,0.366,0.3167,708.8,101.4,0.04812,15.14,0.1848,89.46,1
424,0.08009,9.742,0.02085,0.1352,380.9,71.79,0.01967,11.21,0.2538,61.93,1
425,0.08061,10.03,0.01235,0.07094,376.3,69.92,0.005159,11.11,0.163,63.19,1
426,0.09646,10.48,0.2939,0.2996,440.4,81.41,0.02218,12.13,0.1925,67.49,1
427,0.07662,10.8,0.1927,0.1696,489.5,83.69,0.01404,12.76,0.2016,68.79,1
428,0.07083,11.13,0.0458,0.06219,421.1,74.35,0.0137,11.68,0.1511,70.47,1
429,0.06025,12.72,0.03469,0.09605,586.8,88.87,0.01835,13.82,0.1459,80.98,1
430,0.1155,14.9,0.9019,0.709,832.7,125.4,0.09711,16.35,0.2041,102.1,0
431,0.09359,12.4,0.2403,0.2629,515.8,89.61,0.02799,12.88,0.1811,81.47,1
432,0.08075,20.18,0.5308,0.2942,1479.0,146.0,0.1259,22.03,0.1724,133.8,0
433,0.08314,18.82,0.3912,0.3463,1603.0,145.3,0.08744,22.66,0.1943,123.7,0
434,0.06827,14.86,0.122,0.155,777.5,102.3,0.02877,16.31,0.1573,94.89,1
435,0.1055,13.98,0.4069,0.3568,869.3,113.9,0.06463,17.04,0.1669,91.12,0
436,0.07735,12.87,0.07127,0.1652,626.9,95.14,0.0209,14.45,0.1861,82.67,1
437,0.07234,14.04,0.1117,0.1252,750.0,101.2,0.02944,15.66,0.1714,89.78,1
438,0.06911,13.85,0.04753,0.1141,749.1,100.9,0.02293,15.63,0.1555,88.68,1
439,0.0671,14.02,0.0626,0.1017,688.9,96.53,0.02652,14.91,0.1589,89.59,1
440,0.09532,10.97,0.4779,0.4082,476.4,90.14,0.03613,12.36,0.1489,71.73,1
441,0.07944,17.27,0.5036,0.4122,1284.0,132.8,0.05736,20.38,0.1467,112.4,0
442,0.0681,13.78,0.03517,0.1071,706.6,97.9,0.009937,15.27,0.1405,88.37,1
443,0.06736,10.57,0.03986,0.06542,366.3,69.35,0.01111,10.94,0.2372,66.82,1
444,0.08225,18.03,0.429,0.2666,1292.0,133.3,0.06254,20.38,0.172,117.5,0
445,0.08251,11.99,0.1609,0.1822,513.9,84.48,0.04274,12.98,0.182,77.61,1
446,0.09075,17.75,0.6399,0.3762,1437.0,145.4,0.08293,21.53,0.1713,117.3,0
447,0.07285,14.8,0.206,0.1881,829.5,105.9,0.0226,16.43,0.1893,95.88,1
448,0.07463,14.53,0.3779,0.2649,830.5,108.1,0.02925,16.3,0.1473,94.25,1
449,0.07425,21.1,0.4399,0.3101,2022.0,168.2,0.1155,25.68,0.1554,138.1,0
450,0.09952,11.87,0.3218,0.3399,507.2,83.51,0.02386,12.79,0.1349,76.83,1
451,0.06091,19.59,0.3977,0.1845,1421.0,139.8,0.09063,21.44,0.1663,127.7,0
452,0.08194,12.0,0.1811,0.1856,523.7,85.07,0.01945,13.09,0.1615,76.77,1
453,0.0781,14.53,0.1373,0.1478,749.9,103.1,0.06495,15.8,0.165,93.86,1
454,0.0733,12.62,0.1887,0.1517,633.5,91.62,0.02272,14.34,0.1799,80.62,1
455,0.07675,13.38,0.07003,0.1421,705.6,96.69,0.03264,15.05,0.1375,86.34,1
456,0.0722,11.63,0.2923,0.2031,527.8,86.04,0.02017,13.12,0.1799,74.87,1
457,0.06788,13.21,0.139,0.1063,632.9,91.29,0.02068,14.35,0.1619,84.1,1
458,0.06291,13.0,0.04462,0.1093,628.5,91.06,0.01762,14.34,0.1667,82.61,1
459,0.07211,9.755,0.0719,0.1109,349.9,68.03,0.01043,10.67,0.1621,61.68,1
460,0.0906,17.08,0.2639,0.2444,1648.0,152.1,0.06431,22.96,0.1793,111.2,0
461,0.07427,27.42,0.6833,0.4256,4254.0,251.2,0.1689,36.04,0.2061,186.9,0
462,0.06464,14.4,0.1472,0.146,734.6,100.4,0.01737,15.4,0.1707,92.25,1
463,0.07863,11.6,0.186,0.1808,495.1,82.68,0.01777,12.77,0.1516,73.88,1
464,0.06925,13.17,0.1876,0.1965,687.6,95.1,0.0287,14.9,0.1454,84.28,1
465,0.1249,13.24,0.6556,0.5646,733.5,115.0,0.02833,15.44,0.1601,86.87,1
466,0.08174,13.14,0.4504,0.3549,689.1,100.9,0.0351,14.8,0.1562,85.98,1
467,0.07875,9.668,0.06409,0.1255,380.2,71.11,0.005769,11.15,0.168,61.06,1
468,0.1224,17.6,0.5165,0.4785,1437.0,143.6,0.1002,21.57,0.1696,119.0,0
469,0.0927,11.62,0.3186,0.2878,528.1,88.14,0.05564,13.36,0.1957,76.38,1
470,0.08524,9.667,0.1277,0.1542,385.2,70.88,0.01514,11.14,0.2238,61.49,1
471,0.06639,12.04,0.05524,0.09726,567.6,87.24,0.02377,13.6,0.1854,76.85,1
472,0.08273,14.92,0.3151,0.2791,906.6,112.0,0.03221,17.18,0.1687,96.45,1
473,0.06743,12.27,0.0,0.05213,558.9,85.08,0.0,13.45,0.1701,77.42,1
474,0.108,10.88,0.3365,0.3898,433.1,80.78,0.01571,11.94,0.1861,70.41,1
475,0.07802,12.83,0.3476,0.261,605.8,93.22,0.03078,14.09,0.1705,82.89,1
476,0.07858,14.2,0.2512,0.3429,828.5,112.1,0.03058,16.45,0.1506,92.41,1
477,0.07698,13.9,0.1384,0.2006,718.9,101.2,0.01339,15.14,0.1813,88.97,1
478,0.0918,11.49,0.2596,0.201,467.6,82.04,0.01969,12.4,0.1779,73.99,1
479,0.09136,16.25,0.5897,0.4462,939.7,122.1,0.09194,17.39,0.2151,109.8,0
480,0.07729,12.16,0.162,0.2279,547.4,88.83,0.01527,13.34,0.1464,78.29,1
481,0.07603,13.9,0.1673,0.1415,830.5,104.4,0.0207,16.41,0.1579,88.73,1
482,0.09326,13.47,0.1848,0.2499,660.2,94.94,0.05266,14.83,0.1779,87.32,1
483,0.0696,13.7,0.1742,0.1346,686.5,95.78,0.0316,14.96,0.1732,87.76,1
484,0.08181,15.73,0.4004,0.2979,854.3,112.5,0.06211,17.01,0.1784,102.8,1
485,0.1034,12.45,0.4896,0.4061,580.6,97.82,0.04846,13.78,0.2082,82.85,1
486,0.06596,14.64,0.2437,0.207,831.0,106.0,0.02791,16.46,0.1409,94.21,1
487,0.09009,19.44,0.5936,0.3725,1740.0,153.9,0.1194,23.96,0.1823,128.1,0
488,0.08024,11.68,0.149,0.1477,549.8,86.57,0.03132,13.32,0.1853,75.49,1
489,0.07623,16.69,0.2477,0.292,1084.0,127.3,0.02307,19.18,0.1846,107.1,0
490,0.08203,12.25,0.123,0.1804,622.9,92.74,0.01261,14.17,0.1544,78.18,1
491,0.05871,17.85,0.1048,0.09976,1210.0,127.1,0.04178,19.82,0.122,114.6,1
492,0.07625,18.01,0.2544,0.2327,1426.0,143.4,0.07762,21.53,0.2116,118.4,0
493,0.07028,12.46,0.01674,0.06477,534.0,83.24,0.01149,13.19,0.1613,78.83,1
494,0.07429,13.16,0.07698,0.1646,648.3,95.29,0.01256,14.5,0.1713,84.06,1
495,0.06599,14.87,0.17,0.1388,783.6,103.9,0.04951,16.01,0.1487,96.12,1
496,0.1033,12.65,0.3582,0.3842,633.7,95.29,0.05074,14.38,0.1641,82.69,1
497,0.07661,12.47,0.2028,0.2506,607.3,92.82,0.02369,14.06,0.1526,80.45,1
498,0.09445,18.49,0.3533,0.3089,1600.0,146.4,0.09183,22.75,0.1832,121.3,0
499,0.08999,20.59,0.5179,0.3597,1760.0,163.2,0.1121,23.86,0.1848,137.8,0
500,0.08549,15.04,0.1856,0.2176,856.9,109.7,0.06142,16.76,0.1668,98.73,1
501,0.1183,13.82,0.3381,0.3966,788.0,106.0,0.06759,16.01,0.2275,92.33,0
502,0.07538,12.54,0.1889,0.1751,552.0,86.67,0.03279,13.57,0.1943,81.25,1
503,0.07277,23.09,0.3794,0.3625,2782.0,211.5,0.1003,30.79,0.1505,152.1,0
504,0.1252,9.268,0.2099,0.3441,300.2,69.05,0.05252,10.28,0.2378,61.49,1
505,0.1364,9.676,0.2913,0.3663,328.1,69.47,0.07038,10.6,0.2057,64.12,1
506,0.08839,12.22,0.3535,0.2315,515.3,85.13,0.02166,13.16,0.2124,79.47,1
507,0.1168,11.06,0.1256,0.2031,411.1,76.08,0.04268,11.69,0.1954,71.25,1
508,0.0723,16.3,0.1947,0.1361,928.2,109.8,0.04563,17.32,0.1711,104.7,1
509,0.1067,15.46,0.5911,0.4967,909.4,117.7,0.0852,17.11,0.1807,103.8,0
510,0.09879,11.74,0.269,0.2793,473.8,81.25,0.02639,12.45,0.1499,76.31,1
511,0.06142,14.81,0.1101,0.1011,760.2,101.7,0.02541,15.61,0.1659,94.66,1
512,0.1109,13.4,0.5106,0.3856,844.4,113.3,0.08172,16.41,0.2116,88.64,0
513,0.07048,14.58,0.2492,0.1928,862.0,108.5,0.04349,16.76,0.1739,94.29,1
514,0.06954,15.05,0.2866,0.2101,967.0,113.8,0.04335,17.58,0.1561,97.26,0
515,0.06783,11.34,0.1624,0.1574,478.6,79.15,0.02594,12.47,0.1927,72.76,1
516,0.07863,18.31,0.3759,0.2536,1493.0,142.2,0.09451,21.86,0.186,120.8,0
517,0.09136,19.89,0.4185,0.3309,1646.0,160.5,0.09431,23.73,0.1802,130.5,0
518,0.08893,12.88,0.1246,0.2961,674.7,99.31,0.05303,15.05,0.1709,84.45,1
519,0.08557,12.75,0.1423,0.1979,624.1,93.63,0.02995,14.45,0.212,82.51,1
520,0.08982,9.295,0.09996,0.2097,326.6,67.84,0.02421,10.57,0.2197,59.96,1
521,0.09671,24.63,0.4658,0.4188,2642.0,205.7,0.1471,29.92,0.1991,165.5,0
522,0.07613,11.26,0.02533,0.07723,435.9,76.38,0.005664,11.93,0.1637,71.3,1
523,0.09031,13.71,0.1935,0.2566,701.9,99.43,0.03783,15.11,0.1714,88.73,1
524,0.09209,9.847,0.08434,0.2243,376.5,74.32,0.02416,11.24,0.1387,63.0,1
525,0.1049,8.571,0.1754,0.2235,275.6,63.3,0.0151,9.473,0.1678,54.53,1
526,0.08665,13.46,0.2654,0.3124,719.8,101.9,0.03152,15.35,0.1723,87.44,1
527,0.07592,12.34,0.1791,0.2074,564.9,87.22,0.02647,13.61,0.1689,78.94,1
528,0.07253,13.94,0.1559,0.1364,653.3,94.52,0.06615,14.62,0.1976,90.31,1
529,0.08052,12.07,0.1622,0.1632,549.9,86.92,0.02798,13.45,0.1657,77.83,1
530,0.07757,11.75,0.1366,0.1854,552.3,88.52,0.0444,13.5,0.1598,75.89,1
531,0.0895,11.67,0.2758,0.2964,550.6,87.0,0.02157,13.35,0.1859,75.21,1
532,0.07782,13.68,0.1206,0.1564,773.4,101.6,0.0188,15.85,0.1631,87.76,1
533,0.06386,20.47,0.3092,0.2534,1645.0,152.0,0.1015,23.23,0.2166,134.7,0
534,0.08278,10.96,0.2123,0.251,407.5,76.43,0.02788,11.62,0.1619,70.79,1
535,0.07569,20.55,0.4433,0.3135,1809.0,160.2,0.1322,24.3,0.2127,137.8,0
536,0.08351,14.27,0.4234,0.2733,728.3,104.3,0.06139,15.29,0.1926,93.77,0
537,0.0997,11.69,0.1395,0.3251,487.7,86.12,0.04531,12.98,0.2131,76.37,1
538,0.09938,7.729,0.0,0.0834,248.0,57.17,0.0,9.077,0.187,47.98,1
539,0.1066,7.691,0.3393,0.3064,223.6,54.49,0.01364,8.678,0.2037,48.34,1
540,0.08134,11.54,0.1797,0.2118,457.8,78.78,0.02594,12.26,0.1818,74.65,1
541,0.1023,14.47,0.404,0.4202,808.9,113.5,0.0389,16.22,0.1872,95.81,1
542,0.06956,14.74,0.1611,0.1376,826.4,107.4,0.03027,16.51,0.184,94.7,1
543,0.06443,13.21,0.1062,0.1381,629.6,92.48,0.03275,14.37,0.1628,84.88,1
544,0.08492,13.87,0.1377,0.2037,688.6,99.17,0.02369,15.05,0.162,89.77,1
545,0.06953,13.62,0.1049,0.1517,729.8,97.58,0.02443,15.35,0.1664,87.19,1
546,0.07399,10.32,0.04384,0.08842,384.9,71.12,0.005495,11.25,0.1885,65.31,1
547,0.09479,10.26,0.1783,0.2246,357.4,71.08,0.02438,10.83,0.1669,65.85,1
548,0.0792,9.683,0.0935,0.09546,364.2,69.1,0.009615,10.93,0.158,61.05,1
549,0.07626,10.82,0.06194,0.1633,505.6,83.9,0.00816,13.03,0.1976,68.89,1
550,0.06592,10.86,0.0,0.07348,412.3,74.08,0.0,11.66,0.1661,68.51,1
551,0.08032,11.13,0.1564,0.1782,436.6,77.8,0.02257,12.02,0.203,71.49,1
552,0.06484,12.77,0.08653,0.1064,594.7,88.1,0.01499,13.87,0.1539,81.35,1
553,0.07393,9.333,0.07993,0.08298,295.8,62.86,0.01282,9.845,0.1692,59.01,1
554,0.07242,12.88,0.2439,0.162,595.7,88.84,0.02343,13.89,0.1566,82.5,1
555,0.08283,10.29,0.2,0.171,357.6,69.57,0.02738,10.84,0.1593,65.67,1
556,0.06742,10.16,0.01005,0.12,347.3,67.88,0.01116,10.65,0.1791,64.73,1
557,0.06969,9.423,0.0,0.07158,330.6,66.5,0.0,10.49,0.1742,59.26,1
558,0.08004,14.59,0.3662,0.3171,733.5,105.9,0.03736,15.48,0.1454,96.39,1
559,0.08732,11.51,0.363,0.2517,474.2,82.28,0.04105,12.48,0.1388,74.52,1
560,0.08321,14.05,0.1326,0.2264,706.7,100.2,0.04304,15.3,0.1537,91.38,1
561,0.05905,11.2,0.0,0.05494,439.6,75.19,0.0,11.92,0.106,70.67,1
562,0.1409,15.22,1.17,0.7917,915.0,128.7,0.09429,17.52,0.2128,103.4,0
563,0.09873,20.92,0.6599,0.4186,1819.0,179.1,0.1474,24.29,0.2149,143.0,0
564,0.07115,21.56,0.4107,0.2113,2027.0,166.1,0.1389,25.45,0.1726,142.0,0
565,0.06637,20.13,0.3215,0.1922,1731.0,155.0,0.09791,23.69,0.1752,131.2,0
566,0.0782,16.6,0.3403,0.3094,1124.0,126.7,0.05302,18.98,0.159,108.3,0
567,0.124,20.6,0.9387,0.8681,1821.0,184.6,0.152,25.74,0.2397,140.1,0
568,0.07039,7.76,0.0,0.06444,268.6,59.16,0.0,9.456,0.1587,47.92,1
